435.0 1.0813282418220689
445.0 0.5792829866903941
455.0 0.1837444668154515
465.0 0.08437253597818822
475.0 0.04915379137377291
485.0 0.03458381815381378
495.0 0.024606817999004472
505.0 0.01957557269200285
515.0 0.016304279988341525
525.0 0.014045532946845456
535.0 0.012352385056229336
545.0 0.01079983225271604
555.0 0.010558141724173365
565.0 0.011056696739154645
575.0 0.009788484993971083
585.0 0.013124604772532251
595.0 0.011485155726259404
605.0 0.011105789125725258
615.0 0.012119461159873704
625.0 0.011313856488393306
635.0 0.012257417970067849
645.0 0.008495454016990226
