435.0 1.0813282418220689
445.0 0.5792829866903941
455.0 0.1837444668154515
465.0 0.08437253597818822
475.0 0.04915379137377291
485.0 0.03458381815381378
495.0 0.024606817999004472
505.0 0.01957557269200285
515.0 0.016304279988341525
525.0 0.014045532946845456
535.0 0.012352385056229336
545.0 0.01079983225271604
555.0 0.010558141724173365
565.0 0.011056696739154645
575.0 0.8092605355378978
585.0 0.25699074074074074
595.0 0.07359446082502048
605.0 0.03886975638461445
615.0 0.026077077207475423
625.0 0.019767329204157382
635.0 0.01671147507535741
645.0 0.013914924809132903
655.0 0.011472731339127604
665.0 0.01075497331224401
675.0 0.010300955278144949
685.0 0.00993427059569517
695.0 0.01101343288861003
