577.5 4.14500749162461
578.0 3.0895061728395063
578.5 2.9309629053968034
579.0 2.3171296296296298
579.0 1.8537037037037039
579.0 1.8537037037037039
579.0 1.3240740740740742
579.0 1.0298353909465021
579.5 1.0235366444529759
581.0 0.9088530151542696
582.5 0.5781543003827381
583.5 0.5442661479020539
585.0 0.41956611939148636
588.0 0.27882337705267735
592.5 0.16782644775659453
599.5 0.09231207530389555
620.0 0.03957582017771066
653.5 0.015294293487534291
624.5 0.008160244642548855
578.0 4.6342592592592595
578.5 1.8177060303085393
579.0 2.3171296296296298
578.5 2.2479459320497157
